00111111 11000000 00000000 00001010 00100000 00100000
00000000 00000000 10101111 11111101 00000000 00000100
00100011 10111101 00000000 00001000 00001100 00000000
00000000 01110101 00100011 10111101 11111111 11111000
10001111 11111101 00000000 00000100 00000000 00000000
00000000 00000000 00010000 00000000 11111111 11111110
00101011 10000001 00000000 00000000 00010100 00011100
00000000 00000001 00001000 00000000 00000000 00001111
00100000 01000000 00000000 00101101 11111100 01000000
00000000 00000000 00000000 00100000 00001000 00100010
00101011 10000001 00000000 00001010 00010100 00011100
00000000 00010001 00000000 01000001 00000000 00011100
10101100 00111101 00000000 00000000 10101100 01011101
00000000 00000100 00000000 00100000 00010000 00100101
10101111 11111101 00000000 00001100 00100011 10111101
00000000 00010000 00001100 00000000 00000000 00001001
00100011 10111101 11111111 11110000 10001111 11111101
00000000 00001100 10001100 00111101 00000000 00000100
00000011 10000001 00000000 11000000 00000011 10011100
00001000 00100000 00000000 00111100 00001000 00100000
10001100 01011101 00000000 00000000 00000000 00100010
00001000 00100010 11111100 00100000 00000000 00110000
00000011 11100000 00000000 00001000 11111100 00100000
00000000 00110000 00000011 11100000 00000000 00001000
11111100 00100000 00000000 00000000 00000011 11100000
00000000 00001000 01000100 00000000 00000000 00000000
00000011 11100000 00000000 00001000 00100011 10000000
00000000 00000000 00010100 00111100 00000000 00000010
00100000 00100000 00000000 00000001 00001000 00000000
00000000 00001001 01000100 01000010 00011000 00000001
01000100 01000010 00100000 00000000 11100000 10011101
00000000 00000000 10101100 00111101 00000000 00001000
11100000 01011101 00000000 00010000 11100000 10111101
00000000 00011000 11100000 00111101 00000000 00100000
10101111 11111101 00000000 00101100 00100011 10111101
00000000 00110000 00001100 00000000 00000000 00100110
00100011 10111101 11111111 11010000 10001111 11111101
00000000 00101100 11000000 00111101 00000000 00100000
01000100 00000000 00001000 00000010 11000000 10111101
00000000 00011000 01000100 00100000 00101000 00000000
11000000 00011101 00000000 00010000 01000100 01000000
00000000 00000010 01000100 01100001 00001000 00000010
11110000 10000000 01000000 10000000 01000100 11000010
00011000 00000000 01000100 00000100 00110000 00100000
01010101 00000000 00000000 00000010 00100000 00100000
00000000 00000000 00001000 00000000 00000000 00001001
00100000 00100000 00000000 00000001 10001100 01011101
00000000 00001000 00000000 00100010 00001000 00100010
11000000 10011101 00000000 00000000 00001000 00000000
00000000 00101000 00101011 10000001 00000001 10010000
00010100 00011100 00000000 00000001 00000011 11100000
00000000 00001000 01110100 00000001 00000000 00000000
10101100 00111101 00000000 00000000 10101100 01011101
00000000 00000100 10101111 11111101 00000000 00001100
00100011 10111101 00000000 00010000 00001100 00000000
00000000 00100110 00100011 10111101 11111111 11110000
10001111 11111101 00000000 00001100 11110000 00100000
01000011 11001000 01000100 00000000 00001000 00000011
11110000 00100000 00111111 11000000 01000100 00000000
00001000 00000001 10001100 00111101 00000000 00000100
01110100 00100001 00000000 00000000 11100000 00011101
00000000 00001000 01000100 00000001 00000000 00000110
10101111 11111101 00000000 00010100 00100011 10111101
00000000 00011000 00001100 00000000 00000000 00100110
00100011 10111101 11111111 11101000 10001111 11111101
00000000 00010100 11110000 00100000 01000011 11001000
01000100 00000000 00001000 00000011 11110000 00100000
00111111 10000000 01000100 10100000 00001000 00000001
00100000 00100000 00000011 11101000 11110000 00000000
00000000 00000000 11110000 00100000 00000000 00000000
11110000 01000000 00000000 00000000 11110000 01100000
00000000 00000000 11000000 10011101 00000000 00001000
10101111 11111101 00000000 00010100 00100011 10111101
00000000 00011000 00001100 00000000 00000000 00101000
00100011 10111101 11111111 11101000 10001111 11111101
00000000 00010100 10001100 00111101 00000000 00000000
00100000 00100001 00000000 00000001 10001100 01011101
00000000 00000100 00001000 00000000 00000000 01001010
00101011 10000001 00000001 10010000 00010100 00011100
00000000 00000001 00000011 11100000 00000000 00001000
00100000 01000000 00000000 00000000 10101100 00111101
00000000 00000000 00000011 00000000 00010000 00100101
00000000 01000000 00001000 00100101 00000000 00100000
11000000 00100101 10101111 11111101 00000000 00000100
00100011 10111101 00000000 00001000 00001100 00000000
00000000 01001010 00100011 10111101 11111111 11111000
10001111 11111101 00000000 00000100 00100000 00100000
00000000 00001010 10101111 11111101 00000000 00000100
00100011 10111101 00000000 00001000 00001100 00000000
00000000 00100100 00100011 10111101 11111111 11111000
10001111 11111101 00000000 00000100 10001100 00111101
00000000 00000000 00100000 00100001 00000000 00000001
00001000 00000000 00000000 01110101 00000000 01100000
00001000 00100101 00000000 00100000 11110000 00100101
00010100 01100000 00000000 00000001 00000011 11100000
00000000 00001000 10101100 01011110 00000000 00000000
00100000 01100011 11111111 11111111 00100011 11011110
00000000 00000100 00001000 00000000 00000000 10001101
00000000 01000000 00001000 00100101 00000000 00100000
11110000 00100101 00010100 01000000 00000000 00000001
00000011 11100000 00000000 00001000 11100000 00011110
00000000 00000000 00100000 01000010 11111111 11111111
00100011 11011110 00000000 00000100 00001000 00000000
00000000 10010101    
