00000000000000000000000000000000
00000000000000000000000000000000
00000000000000000000000000000000
00000000000000000000000000000000
01000001111100000000000000000000
00000000000000000000000000000001
00000000000000000000000000000000
00000000000000000000000000000000
01000011011111110000000000000000
00000000000000000000000000000000
00000000000000000000000000000001
00000000000000000000000000000010
00000000000000000000000000000000
01000010001000000000000000000000
01000001001000000000000000000000
01000010001000000000000000000000
00000000000000000000000000000000
11000010001000000000000000000000
00000000000000000000000000000000
00111111100000000000000000000000
00111110010011001100110011001101
01000010100000000000000000000000
01000011011111110000000000000000
01000011011111110000000000000000
00000000000000000000000000000000
00000000000000000000000000000100
00000000000000000000000000000011
00000000000000000000000000000001
00000000000000000000000000000000
01000001111100000000000000000000
01000001111100000000000000000000
01000001111100000000000000000000
00000000000000000000000000000000
00000000000000000000000000000000
00000000000000000000000000000000
00111111100000000000000000000000
00111111100000000000000000000000
01000011011111110000000000000000
01000011011111110000000000000000
01000011011111110000000000000000
01000011011111110000000000000000
11111111111111111111111111111111
00000000000000000000000000000000
11111111111111111111111111111111
00000000000000000000000000000001
11111111111111111111111111111111
11111111111111111111111111111111
00000000000000000000000001100011
00000000000000000000000000000000
00000000000000000000000000000001
11111111111111111111111111111111
11111111111111111111111111111111
